Algorithme de Gauss-Newton
--------------------------
residu_C14(beta0, Donnees)
      -4.9877
      -4.4516
      -3.8127
      -3.3918
      -3.1968
      -2.8347
      -2.6741

J_residu_C14(beta0, Donnees)
      0.95123      -4756.1
      0.90484      -9048.4
      0.81873       -16375
      0.74082       -22225
      0.67032       -26813
      0.60653       -30327
      0.53259       -33553

--------------------------------------------------------------------------------------------
     nb_iter         A0        lambda    ||f'(beta)||     f(beta)    ||delta||     exitflag 
--------------------------------------------------------------------------------------------
            0           10       0.0001   4.6322e+05        48.07

            1           10       0.0001   4.6322e+05        48.07       5.0219            4

            2       15.022   0.00010633        15913      0.10507    0.0032964            4

            3       15.025   0.00010433       5.9024     0.088621   0.00068766            4

            4       15.025   0.00010432      0.39911     0.088621   4.9165e-06            4

            4       15.025   0.00010432      0.39911     0.088621   4.9165e-06            2

            4       15.025   0.00010432      0.39911     0.088621   4.9165e-06            2

            4       15.025   0.00010432      0.39911     0.088621   4.9165e-06            2

            4       15.025   0.00010432      0.39911     0.088621   4.9165e-06            2

--------------------------------------------------------------------------------------------
Algorithme de Newton
--------------------
Hessienne f(beta^{(0)})
       4.0436       -50497
       -50497   1.8899e+09

--------------------------------------------------------------------------------------------
     nb_iter         A0        lambda    ||f'(beta)||     f(beta)    ||delta||     exitflag 
--------------------------------------------------------------------------------------------
            0           10       0.0001   4.6322e+05        48.07

  -6.3063e+08
  -6.3063e+08

            1           10       0.0001     2.55e+09    1.275e+09   8.9185e+08            4

  -6.3063e+08
  -6.3063e+08

   NaN
   NaN

            2  -6.3063e+08  -6.3063e+08          Inf          Inf          NaN            4

  -6.3063e+08
  -6.3063e+08

   NaN
   NaN

   NaN
   NaN

     3   NaN   NaN   NaN   NaN   NaN     4

  -6.3063e+08
  -6.3063e+08

   NaN
   NaN

   NaN
   NaN

   NaN
   NaN

     4   NaN   NaN   NaN   NaN   NaN     4

  -6.3063e+08
  -6.3063e+08

   NaN
   NaN

   NaN
   NaN

   NaN
   NaN

   NaN
   NaN

     5   NaN   NaN   NaN   NaN   NaN     4

  -6.3063e+08
  -6.3063e+08

   NaN
   NaN

   NaN
   NaN

   NaN
   NaN

   NaN
   NaN

   NaN
   NaN

     6   NaN   NaN   NaN   NaN   NaN     4

  -6.3063e+08
  -6.3063e+08

   NaN
   NaN

   NaN
   NaN

   NaN
   NaN

   NaN
   NaN

   NaN
   NaN

   NaN
   NaN

     7   NaN   NaN   NaN   NaN   NaN     4

  -6.3063e+08
  -6.3063e+08

   NaN
   NaN

   NaN
   NaN

   NaN
   NaN

   NaN
   NaN

   NaN
   NaN

   NaN
   NaN

   NaN
   NaN

     8   NaN   NaN   NaN   NaN   NaN     4

--------------------------------------------------------------------------------------------
